Chr      DEL      INS      SNP      SUB      TOTAL
1        93144    108300   705475   52894    959813
2        94922    107195   766503   55723    1024343
3        77784    88629    646084   48748    861245
4        75504    82876    666314   46509    871203
5        69661    78750    582628   43647    774686
6        72981    81833    608832   48564    812210
7        66610    75734    541923   47338    731605
8        56316    63654    492237   35781    647988
9        47434    54395    403428   30399    535656
10       58162    64605    463993   32739    619499
11       54661    62407    470576   41673    629317
12       57806    65847    439955   37277    600885
13       39883    44495    330006   23745    438129
14       37878    43316    299325   22575    403094
15       35137    40605    268939   19689    364370
16       36904    43593    300420   23859    404776
17       38688    46815    252041   20617    358161
18       31503    34995    259666   17911    344075
19       34862    41469    220107   22990    319428
20       26471    31719    202319   17093    277602
21       16380    18484    141615   12212    188691
22       17791    21101    126274   9978     175144
Total    1140482  1300817  9188660  711961   12341920
